x = [0.0,
 0.0005895043721633259,
 0.002358016687625889,
 0.005305529742725551,
 0.009432015527807591,
 0.014737401220577049,
 0.02122153557804317,
 0.02888414572974043,
 0.037724784377648105,
 0.04774276741244542,
 0.05893710196176016,
 0.07130640489422169,
 0.08484881181374032,
 0.09956187659182891,
 0.1154424615022777,
 0.1324866180424118,
 0.15068945854880902,
 0.17004501874304548,
 0.19054611137506017,
 0.21218417116837873,
 0.23494909131298064,
 0.25882905179829585,
 0.28381033993091204,
 0.309877163439282,
 0.3370114566312311,
 0.36519268013954137,
 0.3943976148664522,
 0.42460015081966324,
 0.4557710716203884,
 0.48787783555819686,
 0.5208843541677333,
 0.5547507694088417,
 0.5894332306440101,
 0.6248836727252796,
 0.6610495966268386,
 0.6978738541898054,
 0.7352944386836607,
 0.7732442830391107,
 0.811651067784972,
 0.8504370409811893,
 0.8895188530165486,
 0.9288074114392132,
 0.9682077805366622,
 1.007645544917476,
 1.0476643350573736,
 1.0886965062780416,
 1.1306255928223916,
 1.1734829942612175,
 1.217260225136811,
 1.2619595769106906,
 1.3075804305662766,
 1.354122953095983,
 1.4015870991075972,
 1.4499728803812555,
 1.4992802922195207,
 1.5489273284803469,
 1.5979923593120318,
 1.646135757477387,
 1.6933575281182227,
 1.7396576466368259,
 1.7850362023437774,
 1.829492863417771,
 1.8730288578565903,
 1.9156396380807414,
 1.9573420362114085,
 1.9980736724109736,
 2.038320724266751,
 2.078579177861866,
 2.1187457604656332,
 2.1587228608995312,
 2.1984188768764477,
 2.2377481074545758,
 2.276630608410537,
 2.3149920273456006,
 2.352763423077263,
 2.389881072147755,
 2.4262862647963606,
 2.4619250925016436,
 2.496748229024592,
 2.5307107067314805,
 2.563771689833812,
 2.5958942460482675,
 2.62704511805108,
 2.6571944959784397,
 2.6863157921075493,
 2.7143854187419194,
 2.7413825702196393,
 2.7672890098647485,
 2.7920888626096176,
 2.8157684139303627,
 2.838315915657851,
 2.859721399153607,
 2.8799764962729073,
 2.899074268476323,
 2.9170090443957943,
 2.933776266111757,
 2.9493723443537063,
 2.9637945227975475,
 2.977040751598951,
 2.989109570272358,
 3.0,
 3.0,
 3.013861968476706,
 3.0295810467160424,
 3.0471549417701427,
 3.066580027859671,
 3.087850991644787,
 3.1109604408219935,
 3.1358984765754334,
 3.1626522305946754,
 3.1912053675903342,
 3.221537554496763,
 3.253623897850093,
 3.287434351172355,
 3.322933094580391,
 3.360077889273388,
 3.3988194100364244,
 3.439100559430159,
 3.480855767919016,
 3.5240102848215056,
 3.568479465645881,
 3.614168062101038,
 3.6609695218461646,
 3.7087653058669723,
 3.757424232261648,
 3.8068018562746295,
 3.856739898069974,
 3.9070657350048332,
 3.9575920238341213,
 4.008596881028156,
 4.060853497987893,
 4.1146460528293005,
 4.169897202488349,
 4.2266278900074195,
 4.284832438116994,
 4.344512384953064,
 4.405667313807569,
 4.468297337518104,
 4.532402425500186,
 4.5979825860011845,
 4.665037816749942,
 4.733568118315521,
 4.803573490489271,
 4.875053933260923,
 4.948009446550065,
 5.022440030271446,
 5.098345684306592,
 5.1757264084861765,
 5.254582202566632,
 5.334913066075806,
 5.416718998227238,
 5.4999999945722635,
 5.583280991397392,
 5.665086924376002,
 5.745417788625808,
 5.824273583475214,
 5.901654308421388,
 5.977559963228695,
 6.051990547725505,
 6.124946061793751,
 6.196426505347872,
 6.266431878307334,
 6.3349621806617025,
 6.4020174122021665,
 6.467597573497646,
 6.5317026622767465,
 6.594332686786988,
 6.655487616442537,
 6.715167564085367,
 6.7733721129899225,
 6.83010280135781,
 6.885353951664069,
 6.9391465078523025,
 6.991403122401912,
 7.042407976170763,
 7.092934264995567,
 7.143260101930122,
 7.193198143725403,
 7.242575767738365,
 7.291234694133032,
 7.339030478153837,
 7.385831937898962,
 7.431520534354118,
 7.4759897151784935,
 7.519144232080984,
 7.560899440569841,
 7.601180589963575,
 7.639922110726612,
 7.6770669054196095,
 7.7125656488276455,
 7.746376102149908,
 7.778462445503238,
 7.8087946324096675,
 7.8373477694053255,
 7.864101523424568,
 7.889039559178008,
 7.912149008355215,
 7.93341997214033,
 7.952845058229858,
 7.970418953283959,
 7.986138031523295,
 8.0,
 8.0,
 8.0148061863425,
 8.031713016903963,
 8.050717590851105,
 8.071815245664082,
 8.094999066388958,
 8.120259341937816,
 8.147582969310564,
 8.176952806927625,
 8.20834697864164,
 8.241738130444118,
 8.277092642404305,
 8.314369798977134,
 8.353520921501127,
 8.394488467505239,
 8.437490261374618,
 8.482809349422265,
 8.53046281827581,
 8.580441151758608,
 8.632724044402934,
 8.68727905961265,
 8.744060250990149,
 8.80300675582583,
 8.864041371362852,
 8.927069126210606,
 8.991975861153577,
 9.058626835573142,
 9.126865377750956,
 9.196511599432899,
 9.267361197176584,
 9.339184365152358,
 9.411724846181725,
 9.484699149836398,
 9.55779596833836,
 9.630675822742841,
 9.702970973392615,
 9.774285629837873,
 9.844196496250637,
 9.91225368874954,
 9.977982060909744,
 10.040882972979063,
 10.100436538868673,
 10.156104382747085,
 10.207332933952317,
 10.253557284864982,
 10.29420563127496,
 10.328704308554887,
 10.356483429564403,
 10.376983121604809,
 10.389660349904394,
 10.393996304138692,
 10.389660349904394,
 10.376983121604809,
 10.356483429564403,
 10.328704308554888,
 10.29420563127496,
 10.253557284864982,
 10.207332933952316,
 10.156104382747085,
 10.100436538868673,
 10.040882972979063,
 9.977982060909744,
 9.912253688749539,
 9.844196496250637,
 9.774285629837875,
 9.702970973392615,
 9.630675822742841,
 9.55779596833836,
 9.484699149836398,
 9.411724846181723,
 9.339184365152356,
 9.267361197176584,
 9.196511599432899,
 9.126865377750953,
 9.058626835573138,
 8.991975861153573,
 8.927069126210602,
 8.864041371362848,
 8.803006755825825,
 8.744060250990145,
 8.687279059612646,
 8.632724044402929,
 8.580441151758603,
 8.530462818275804,
 8.48280934942226,
 8.437490261374611,
 8.39448846750523,
 8.35352092150112,
 8.314369798977129,
 8.2770926424043,
 8.241738130444112,
 8.208346978641634,
 8.17695280692762,
 8.147582969310559,
 8.120259341937812,
 8.094999066388956,
 8.07181524566408,
 8.050717590851104,
 8.031713016903963,
 8.014806186342499,
 8.0,
 8.0,
 7.986138031523295,
 7.970418953283958,
 7.952845058229857,
 7.933419972140329,
 7.912149008355213,
 7.8890395591780065,
 7.864101523424567,
 7.837347769405324,
 7.808794632409666,
 7.778462445503237,
 7.746376102149906,
 7.712565648827644,
 7.677066905419608,
 7.63992211072661,
 7.601180589963573,
 7.5608994405698375,
 7.519144232080981,
 7.475989715178491,
 7.431520534354115,
 7.385831937898958,
 7.339030478153832,
 7.291234694133027,
 7.242575767738358,
 7.193198143725394,
 7.14326010193011,
 7.092934264995544,
 7.042407976170651,
 6.991403122324698,
 6.939146507623938,
 6.885353951329684,
 6.830102800941607,
 6.773372112484975,
 6.7151675635009065,
 6.655487615781692,
 6.59433268605554,
 6.531702661480032,
 6.46759757264159,
 6.402017411292949,
 6.334962179705867,
 6.266431877311749,
 6.196426504319753,
 6.124946060740614,
 6.0519905466553405,
 5.977559962149302,
 5.90165430734289,
 5.824273582400565,
 5.745417787586622,
 5.6650869232974435,
 5.583280990607445,
 5.499999992882585,
 5.416718995647376,
 5.334913063812718,
 5.254582200310287,
 5.175726406328685,
 5.0983456822329405,
 5.022440028294611,
 4.948009444675172,
 4.875053931494757,
 4.80357348883775,
 4.733568116784368,
 4.665037815344508,
 4.59798258472649,
 4.532402424360924,
 4.4682973365186,
 4.405667312951917,
 4.344512384244679,
 4.284832437560068,
 4.226627889602264,
 4.169897202245896,
 4.114646052727383,
 4.0608534980940405,
 4.008596881155102,
 3.9575920238343643,
 3.907065735004845,
 3.8567398980699745,
 3.8068018562746286,
 3.757424232261647,
 3.7087653058669714,
 3.660969521846164,
 3.6141680621010375,
 3.5684794656458805,
 3.5240102848215047,
 3.480855767919015,
 3.4391005594301585,
 3.398819410036424,
 3.3600778892733874,
 3.3229330945803897,
 3.2874343511723545,
 3.253623897850092,
 3.221537554496762,
 3.1912053675903334,
 3.162652230594675,
 3.1358984765754325,
 3.110960440821993,
 3.0878509916447867,
 3.0665800278596707,
 3.0471549417701422,
 3.029581046716042,
 3.013861968476706,
 3.0,
 3.0,
 2.9820716458357834,
 2.9611472706266087,
 2.9372326524497177,
 2.910337537720701,
 2.8804768966784784,
 2.8476723311320518,
 2.8119536306887385,
 2.773360472169919,
 2.7319442550677677,
 2.6877700636751154,
 2.6409187438993444,
 2.591489079705909,
 2.5396000505170178,
 2.485393146222163,
 2.429034707043423,
 2.3707181783485813,
 2.310192610179069,
 2.246972785515876,
 2.180985323620608,
 2.11225031265559,
 2.040762274867374,
 1.966522704444984,
 1.8895311941369095,
 1.809787854908916,
 1.72729265655835,
 1.6420456073212168,
 1.5540467049736217,
 1.4632959501388354,
 1.3697933426678062,
 1.2735388826237137,
 1.1745325700143896,
 1.072774404866852,
 0.9682643872024813,
 0.861002517064081,
 0.7509887944354686,
 0.6382232195445864,
 0.5227057917243692,
 0.40443651372508954,
 0.2834153754316561,
 0.15964241538031035,
 0.03311748849141895,
 -0.0961588570782448,
 -0.22818868908634152,
 -0.3629642044471536,
 -0.5005148192223441,
 -0.6407294020675578,
 -0.7803063891056488,
 -0.9131250989142315,
 -1.0355071158922882,
 -1.1461565197759462,
 -1.2446613560034732,
 -1.3307960573520843,
 -1.4045057334456932,
 -1.4658894500414335,
 -1.5151829441908973,
 -1.5527411708109995,
 -1.5790210237026663,
 -1.5945645217468585,
 -1.5999827002017997,
 -1.595940398719081,
 -1.5831420926396282,
 -1.5623188728584425,
 -1.5342166424056165,
 -1.4995855650624097,
 -1.4591707728581067,
 -1.4137043151036988,
 -1.3638983115475374,
 -1.310439256049992,
 -1.253983404580471,
 -1.1951531720172397,
 -1.1345344558337913,
 -1.0726748009323486,
 -1.0100823182846563,
 -0.947225270322165,
 -0.8845322378583694,
 -0.8223927864233701,
 -0.7611585539674712,
 -0.7011446866964947,
 -0.6426315551140354,
 -0.5858666879706241,
 -0.531066867589482,
 -0.4784203358122156,
 -0.428089065468852,
 -0.3802110577311685,
 -0.33490263088305094,
 -0.2922606708817711,
 -0.2523648185510804,
 -0.21527957231654735,
 -0.1810562890534832,
 -0.14973506886628385,
 -0.12134651246184584,
 -0.09591334223269564,
 -0.07345188024707089,
 -0.053973378077331206,
 -0.03748519481209482,
 -0.023991820721301325,
 -0.013495744908751392,
 -0.005998165926619814,
 -0.001499544774884812,
 0.0]

 y = [0.0,
 1.0859461907532767e-07,
 1.7375372876818735e-06,
 8.796337672291214e-06,
 2.7800820708466697e-05,
 6.787297165950819e-05,
 0.000140740545892451,
 0.00026073627002078586,
 0.00044479641156538216,
 0.000712458444832069,
 0.0010858574913305353,
 0.0015897211638136372,
 0.0022513623939651147,
 0.0031006697749932735,
 0.004170094902007056,
 0.005494636145192802,
 0.007111818243636302,
 0.009061667061336834,
 0.011386678801761687,
 0.014131782933449879,
 0.017344298036987976,
 0.02107387974348369,
 0.025372459896829493,
 0.030294176036996422,
 0.035895290269788764,
 0.04223409656042827,
 0.04937081546457239,
 0.05736747529149742,
 0.06628777868083101,
 0.0761969535670712,
 0.08716158750588561,
 0.09924944434356359,
 0.11252926222669928,
 0.12707053197384574,
 0.14294325486490778,
 0.1602176789472866,
 0.17896401300862613,
 0.19925211741862336,
 0.22115117107763754,
 0.2447293136592377,
 0.27005326190030277,
 0.2971878961004244,
 0.32619578864139304,
 0.35710335860223286,
 0.3891786942844702,
 0.42187470649253944,
 0.4553370193210367,
 0.48952625007668066,
 0.5244530327339674,
 0.5601144948240484,
 0.5965114120161984,
 0.6336435746841615,
 0.6715110392236497,
 0.7101137899313686,
 0.7494518301945956,
 0.7890608264549019,
 0.8282054901386554,
 0.8666148669012387,
 0.9042889477971512,
 0.9412277627201195,
 0.9774311992254205,
 1.012899672912079,
 1.0476316443218174,
 1.0816328128490393,
 1.1148820733132676,
 1.1474575133218643,
 1.1787399438772386,
 1.2080465584804423,
 1.2354372623641108,
 1.2609754609173989,
 1.2847270185300872,
 1.3067597846805754,
 1.3271431673207763,
 1.345947735562417,
 1.3632448487676667,
 1.3791063109918784,
 1.3936040500309794,
 1.406809820340537,
 1.4187949290427704,
 1.4296299841757818,
 1.4393846642814643,
 1.4481275083795835,
 1.4559257253366165,
 1.4628450216090387,
 1.468949446321379,
 1.474301252628813,
 1.4789607743115833,
 1.4829863165533685,
 1.4864340598671242,
 1.4893579761491755,
 1.4918097558647858,
 1.4938387453954447,
 1.4954918936090935,
 1.4968137067489522,
 1.4978462107739945,
 1.498628920324025,
 1.4991988135243142,
 1.4995903118885203,
 1.499835264623827,
 1.4999629366885818,
 1.5,
 1.5,
 1.5000600491720153,
 1.500273472266386,
 1.5006950209468723,
 1.5013858787433725,
 1.5024136273374624,
 1.5038521986919942,
 1.505781809855113,
 1.5082888769832707,
 1.511465904851378,
 1.515411347853956,
 1.5202294382523207,
 1.5260299771932664,
 1.5329280838187338,
 1.5410438976084784,
 1.5505022289541972,
 1.561432152859955,
 1.573966540606524,
 1.5882415242133325,
 1.6043958885881282,
 1.6225703863778718,
 1.6429069707294999,
 1.665547941434201,
 1.690635000239195,
 1.7183082113513524,
 1.7487048627538861,
 1.7819582189884844,
 1.8181960952637908,
 1.8569204449319996,
 1.8970686452117598,
 1.9382680521115432,
 1.9806194520361249,
 2.0240955087881938,
 2.0687036294380903,
 2.1144418069249977,
 2.1613105849341747,
 2.2093098161911553,
 2.258439540554607,
 2.3086997472074433,
 2.3600904390479402,
 2.412611615256509,
 2.4662632760128043,
 2.521045421216883,
 2.5769580508316956,
 2.6340011647853867,
 2.6921747629873143,
 2.7514788453125814,
 2.8119134115535065,
 2.873478461426986,
 2.9361739940324014,
 3.0000000070818844,
 3.0638260195049236,
 3.1265215510310274,
 3.1880865999381207,
 3.2485211651757093,
 3.3078252465007214,
 3.3659988436951216,
 3.4230419566370243,
 3.478954585235253,
 3.533736729418358,
 3.5873883891494445,
 3.63990956432879,
 3.6913002551362597,
 3.741560460752446,
 3.7906901840759386,
 3.8386894142894548,
 3.885558191253418,
 3.931296367687652,
 3.975904487300259,
 4.019380542944729,
 4.061731942024933,
 4.102931347165742,
 4.1430795505739315,
 4.181803904729419,
 4.218041781010902,
 4.251295137245957,
 4.281691788648594,
 4.3093649997607875,
 4.334452058565796,
 4.357093029270504,
 4.377429613622136,
 4.39560411141188,
 4.411758475786676,
 4.4260334593934845,
 4.438567847140053,
 4.44949777104581,
 4.458956102391528,
 4.467071916181271,
 4.473970022806738,
 4.479770561747683,
 4.484588652146047,
 4.488534095148625,
 4.4917111230167315,
 4.494218190144888,
 4.496147801308007,
 4.497586372662538,
 4.498614121256628,
 4.499304979053128,
 4.499726527733613,
 4.499939950827985,
 4.5,
 4.5,
 4.500068508671085,
 4.500314316820809,
 4.500804037347482,
 4.501612508688464,
 4.5028227460360615,
 4.5045258712054785,
 4.506821016176328,
 4.509815194864814,
 4.513623137236912,
 4.5183670794489,
 4.524176503306405,
 4.531187817972382,
 4.539543976526161,
 4.549394019594609,
 4.559776695639863,
 4.5694465795636745,
 4.578147642116639,
 4.585684101228971,
 4.591851477084492,
 4.596437061866773,
 4.599220513313354,
 4.59997458385606,
 4.598465997174024,
 4.594456483757731,
 4.58770398664636,
 4.5779640478413315,
 4.564991384991317,
 4.548541666761789,
 4.528373493818717,
 4.504250590545316,
 4.4759442104481675,
 4.443235755671906,
 4.40591960811061,
 4.36380616626321,
 4.3167250782192195,
 4.264528656975183,
 4.2070954596745365,
 4.144334007345445,
 4.076186616304272,
 4.0026333066296145,
 3.9236957470390594,
 3.8394411891778484,
 3.7499863378308835,
 3.655501096988928,
 3.55621212514629,
 3.452406126809582,
 3.3444328011058686,
 3.232707362776773,
 3.1177125460342783,
 3.000000000000004,
 2.882287453965731,
 2.7672926372232367,
 2.655567198894142,
 2.5475938731904293,
 2.4437878748537214,
 2.3444989030110834,
 2.250013662169128,
 2.160558810822163,
 2.0763042529609526,
 1.9973666933703973,
 1.9238133836957398,
 1.855665992654567,
 1.792904540325476,
 1.735471343024829,
 1.6832749217807919,
 1.6361938337368023,
 1.594080391889403,
 1.5567642443281062,
 1.524055789551845,
 1.4957494094546961,
 1.4716265061812956,
 1.451458333238223,
 1.4350086150086954,
 1.4220359521586807,
 1.412296013353652,
 1.405543516242281,
 1.4015340028259873,
 1.4000254161439514,
 1.4007794866866572,
 1.4035629381332388,
 1.408148522915519,
 1.4143158987710411,
 1.4218523578833715,
 1.430553420436336,
 1.4402233043601442,
 1.45060598040539,
 1.4604560234738375,
 1.468812182027616,
 1.4758234966935933,
 1.481632920551099,
 1.4863768627630867,
 1.4901848051351858,
 1.493178983823671,
 1.495474128794521,
 1.497177253963939,
 1.4983874913115356,
 1.4991959626525173,
 1.49968568317919,
 1.4999314913289143,
 1.5,
 1.5,
 1.5000600491720153,
 1.500273472266386,
 1.5006950209468721,
 1.5013858787433723,
 1.5024136273374622,
 1.5038521986919935,
 1.505781809855112,
 1.5082888769832694,
 1.5114659048513763,
 1.5154113478539535,
 1.5202294382523176,
 1.5260299771932626,
 1.5329280838187294,
 1.541043897608473,
 1.550502228954191,
 1.5614321528599477,
 1.5739665406065162,
 1.588241524213324,
 1.6043958885881195,
 1.6225703863778635,
 1.6429069707294937,
 1.6655479414342,
 1.6906350002392074,
 1.7183082113513974,
 1.7487048627540291,
 1.781958218989068,
 1.8181960952704292,
 1.856920449324906,
 1.8970686525363731,
 1.938268057538736,
 1.9806194565122026,
 2.024095512040872,
 2.0687036315497314,
 2.1144418078842984,
 2.1613105847561394,
 2.2093098148844943,
 2.2584395381305575,
 2.3086997436773795,
 2.3600904344240217,
 2.412611609551502,
 2.466263269240139,
 2.5210454133905995,
 2.5769580419666105,
 2.634001154896471,
 2.6921747520920434,
 2.751478833422077,
 2.811913398705939,
 2.8734784475616584,
 2.936173979464347,
 2.999999990713405,
 3.0638260026013664,
 3.1265215356201135,
 3.188086585502392,
 3.2485211518723034,
 3.3078252343069665,
 3.365998832635222,
 3.4230419467219306,
 3.478954576478612,
 3.5337367218322826,
 3.5873883827456363,
 3.639909559118245,
 3.6913002511293342,
 3.741560457958885,
 3.790690182504696,
 3.838689413949378,
 3.88555819215071,
 3.9312963698352443,
 3.975904490683171,
 4.019380547647548,
 4.061731947755476,
 4.102931354926971,
 4.143079555234323,
 4.18180390473654,
 4.218041781011529,
 4.251295137246109,
 4.281691788648641,
 4.309364999760798,
 4.334452058565793,
 4.357093029270494,
 4.377429613622123,
 4.395604111411867,
 4.411758475786663,
 4.426033459393472,
 4.4385678471400425,
 4.449497771045801,
 4.458956102391521,
 4.467071916181265,
 4.473970022806732,
 4.479770561747678,
 4.4845886521460425,
 4.488534095148621,
 4.491711123016728,
 4.4942181901448865,
 4.496147801308005,
 4.497586372662537,
 4.498614121256627,
 4.499304979053127,
 4.499726527733614,
 4.499939950827985,
 4.5,
 4.5,
 4.499899551772333,
 4.499528203204724,
 4.498768363095819,
 4.497485737055832,
 4.495529470909884,
 4.4927323644968205,
 4.488911174226629,
 4.483867024628864,
 4.477385950887018,
 4.469239595978,
 4.459186087494653,
 4.446971120528538,
 4.432329274295383,
 4.414985592553974,
 4.394657469723722,
 4.37105704870745,
 4.344954925291716,
 4.317527013629884,
 4.2889430845993965,
 4.259156808870331,
 4.228180830194476,
 4.19601170045737,
 4.162650359553112,
 4.128096551424561,
 4.092350345805187,
 4.055411723722386,
 4.017280690346147,
 3.9779572442794433,
 3.937441385911867,
 3.895733115148161,
 3.8528324320265943,
 3.8087393365480025,
 3.7634538287344093,
 3.716975908568274,
 3.669305576180268,
 3.620442831152667,
 3.5703876751521855,
 3.5191401019833886,
 3.466700135173734,
 3.413067686016714,
 3.3582430896171807,
 3.3022250813280456,
 3.2450184338060786,
 3.186605142058091,
 3.1270531248607063,
 3.0661063486657754,
 2.996826052196224,
 2.9138505934876355,
 2.8197236165939046,
 2.716389640977016,
 2.605394770056061,
 2.48824677899371,
 2.3663968247979756,
 2.241224248499339,
 2.114024352601506,
 1.9859989921983783,
 1.858249783440867,
 1.7317737079379691,
 1.6074608753136317,
 1.4860941975111297,
 1.3683507264954402,
 1.2548044107104472,
 1.1459300339947693,
 1.0421081126964922,
 0.9436305415738602,
 0.8507067959291794,
 0.7634705155885426,
 0.6819863151934357,
 0.6062566842853405,
 0.5362288594023763,
 0.4718015685119641,
 0.41283156529640047,
 0.35913988687973547,
 0.3105177833872529,
 0.26673228117028885,
 0.22753135356283766,
 0.19264868365524396,
 0.16180801279918394,
 0.1347270764475049,
 0.11112113555229507,
 0.09070611717899857,
 0.07320138233727448,
 0.0583321423799988,
 0.04583154778190049,
 0.03544247477978178,
 0.026919036335227423,
 0.020027844261679053,
 0.014549049228337774,
 0.0102771847943084,
 0.007021840711014012,
 0.0046081895247361195,
 0.0028773890718954277,
 0.0016868818374018452,
 0.0009106103836752308,
 0.00043916619036754167,
 0.00017988730149689195,
 5.6918180803062984e-05,
 1.1243145524171632e-05,
 7.026967169916807e-07,
 0.0]

 v = [-8.308646117000993e-39,
 0.034336696154605946,
 0.0686733922616019,
 0.1030100883191567,
 0.13734678432533146,
 0.171683480278071,
 0.20602017617519439,
 0.24035687201438424,
 0.2746935677931754,
 0.3090302635089418,
 0.34336695915888243,
 0.3777036547400053,
 0.4120403502491095,
 0.44637704568276576,
 0.4807137410372937,
 0.515050436308737,
 0.5493871314928349,
 0.5837238265849906,
 0.618060521580234,
 0.6523972164731813,
 0.6867339112579872,
 0.7210706059282905,
 0.755407300477152,
 0.7897439948969813,
 0.8240806891794544,
 0.8584173833154141,
 0.8927540772947564,
 0.9270907711062946,
 0.961427464737599,
 0.9957641581748059,
 1.030100851402388,
 1.0644375444028769,
 1.098774237156526,
 1.133110929640896,
 1.1674476218303425,
 1.2017843136953736,
 1.2361210052018416,
 1.270457696309908,
 1.3047943869727037,
 1.339131077134572,
 1.373467766728726,
 1.4078044556740674,
 1.4421411438707845,
 1.476477831194119,
 1.5108145174852539,
 1.5451512025377085,
 1.5794878860762172,
 1.613824567722293,
 1.6481612469352416,
 1.6824979229040193,
 1.7168345943309584,
 1.7511712589451394,
 1.7855079122047228,
 1.81984454275511,
 1.8541811051778967,
 1.8451508416719338,
 1.8108142792485358,
 1.7764776486979958,
 1.7421409954383444,
 1.7078043308241253,
 1.6734676593971618,
 1.639130983428367,
 1.604794304215406,
 1.5704576225693205,
 1.5361209390308044,
 1.5017842539783444,
 1.4674475676872234,
 1.4331108803638972,
 1.398774192167162,
 1.3644375032217866,
 1.3301008136275878,
 1.2957641234656663,
 1.2614274328028117,
 1.227090741694682,
 1.1927540501881473,
 1.1584173583230475,
 1.124080666133531,
 1.0897439736490895,
 1.0554072808953685,
 1.0210705878948074,
 0.9867338946671536,
 0.952397201229875,
 0.9180605075984993,
 0.8837238137868906,
 0.8493871198074783,
 0.8150504256714494,
 0.7807137313889079,
 0.7463770369690108,
 0.7120403424200826,
 0.6777036477497135,
 0.6433669529648425,
 0.609030258071831,
 0.5746935630765242,
 0.5403568679843063,
 0.5060201728001468,
 0.47168347752864276,
 0.437346782174055,
 0.4030100867403397,
 0.3686733912311773,
 0.3343366956499972,
 0.3,
 0.3,
 0.3431097238545032,
 0.38621944764955163,
 0.42932917138264165,
 0.47243889505110837,
 0.5155486186521111,
 0.5586583421826177,
 0.6017680656393869,
 0.6448777890189483,
 0.6879875123175812,
 0.7310972355312888,
 0.774206958655771,
 0.8173166816863926,
 0.8604264046181473,
 0.9035361274456177,
 0.9466458501629282,
 0.9897555727636925,
 1.0328652952409525,
 1.0759750175871072,
 1.1190847397938322,
 1.162194461851984,
 1.2053041837514895,
 1.248413905481215,
 1.291523627028812,
 1.3346333483805342,
 1.377743069521018,
 1.4208527904330184,
 1.4639625110970886,
 1.5070722314912017,
 1.5501819515902546,
 1.5932916713654581,
 1.6364013907835968,
 1.6795111098060689,
 1.7226208283876554,
 1.7657305464749156,
 1.8088402640040655,
 1.8519499808981243,
 1.8950596970630047,
 1.938169412382038,
 1.9812791267081205,
 2.0243888398521186,
 2.0674985515651723,
 2.110608261510589,
 2.153717969216999,
 2.1968276739954775,
 2.2399373747813223,
 2.28304706980003,
 2.326156755756095,
 2.3692664253994096,
 2.412376056979661,
 2.455485498245105,
 2.4123760569796624,
 2.369266425399411,
 2.326156755756097,
 2.283047069800032,
 2.239937374781324,
 2.1968276739954793,
 2.1537179692170008,
 2.1106082615105906,
 2.067498551565174,
 2.02438883985212,
 1.9812791267081222,
 1.9381694123820399,
 1.8950596970630065,
 1.8519499808981261,
 1.8088402640040668,
 1.765730546474917,
 1.7226208283876567,
 1.6795111098060702,
 1.6364013907835981,
 1.5932916713654595,
 1.5501819515902557,
 1.5070722314912028,
 1.46396251109709,
 1.4208527904330197,
 1.377743069521019,
 1.3346333483805353,
 1.291523627028813,
 1.248413905481216,
 1.2053041837514906,
 1.162194461851985,
 1.119084739793833,
 1.0759750175871081,
 1.0328652952409534,
 0.9897555727636934,
 0.946645850162929,
 0.9035361274456185,
 0.8604264046181481,
 0.8173166816863934,
 0.7742069586557718,
 0.7310972355312895,
 0.6879875123175817,
 0.6448777890189488,
 0.6017680656393872,
 0.5586583421826181,
 0.5155486186521114,
 0.4724388950511086,
 0.4293291713826418,
 0.38621944764955174,
 0.3431097238545033,
 0.3,
 0.3,
 0.34585082672965456,
 0.3917016533970396,
 0.43755247999933733,
 0.48340330653353436,
 0.529254132996403,
 0.5751049593844804,
 0.6209557856940455,
 0.6668066119210924,
 0.7126574380613002,
 0.75850826411,
 0.8043590900621355,
 0.8502099159122196,
 0.896060741654284,
 0.9419115672818206,
 0.9877623927938248,
 1.0336132181893403,
 1.0794640434610125,
 1.1253148686012204,
 1.1711656936016175,
 1.2170165184530353,
 1.262867343145374,
 1.3087181676674704,
 1.3545689920069428,
 1.4004198161500083,
 1.4462706400812628,
 1.4921214637834155,
 1.5379722872369683,
 1.5838231104198235,
 1.6296739333067998,
 1.6755247558690314,
 1.7213755780732105,
 1.7672263998806292,
 1.8130772212459436,
 1.858928042115565,
 1.9047788624255333,
 1.9506296820986546,
 1.9964805010405815,
 2.042331319134323,
 2.0881821362323687,
 2.1340329521450614,
 2.1798837666228548,
 2.2257345793281242,
 2.2715853897881972,
 2.3174361973122446,
 2.3632870008326203,
 2.409137798569917,
 2.4549885872195216,
 2.500839359511299,
 2.5466900936349575,
 2.59254063692696,
 2.5466900936349335,
 2.500839359511286,
 2.454988587219514,
 2.409137798569912,
 2.363287000832617,
 2.317436197312242,
 2.271585389788196,
 2.2257345793281234,
 2.1798837666228543,
 2.134032952145062,
 2.0881821362323687,
 2.0423313191343238,
 1.9964805010405824,
 1.9506296820986555,
 1.9047788624255342,
 1.858928042115566,
 1.8130772212459447,
 1.7672263998806303,
 1.7213755780732114,
 1.6755247558690323,
 1.6296739333068007,
 1.5838231104198244,
 1.5379722872369692,
 1.4921214637834164,
 1.4462706400812637,
 1.4004198161500094,
 1.3545689920069437,
 1.3087181676674713,
 1.2628673431453752,
 1.2170165184530364,
 1.1711656936016186,
 1.1253148686012218,
 1.0794640434610137,
 1.0336132181893416,
 0.987762392793826,
 0.9419115672818218,
 0.8960607416542851,
 0.8502099159122207,
 0.8043590900621365,
 0.7585082641100008,
 0.712657438061301,
 0.6668066119210931,
 0.6209557856940462,
 0.575104959384481,
 0.5292541329964034,
 0.48340330653353475,
 0.43755247999933766,
 0.39170165339703983,
 0.34585082672965467,
 0.3,
 0.3,
 0.34310972385450333,
 0.38621944764955185,
 0.429329171382642,
 0.47243889505110886,
 0.5155486186521118,
 0.5586583421826185,
 0.6017680656393877,
 0.6448777890189493,
 0.6879875123175824,
 0.7310972355312901,
 0.7742069586557726,
 0.8173166816863943,
 0.8604264046181491,
 0.9035361274456196,
 0.9466458501629302,
 0.9897555727636946,
 1.0328652952409545,
 1.0759750175871095,
 1.1190847397938344,
 1.1621944618519864,
 1.2053041837514922,
 1.2484139054812176,
 1.2915236270288148,
 1.334633348380537,
 1.377743069521021,
 1.4208527904330215,
 1.463962511097092,
 1.507072231491205,
 1.550181951590258,
 1.5932916713654617,
 1.6364013907836004,
 1.6795111098060727,
 1.7226208283876594,
 1.7657305464749196,
 1.8088402640040697,
 1.8519499808981286,
 1.8950596970630091,
 1.9381694123820425,
 1.981279126708125,
 2.0243888398521226,
 2.0674985515651767,
 2.110608261510593,
 2.1537179692170034,
 2.1968276739954824,
 2.239937374781327,
 2.283047069800035,
 2.3261567557561005,
 2.3692664253994145,
 2.4123760569796664,
 2.455485498245109,
 2.4123760569796655,
 2.3692664253994136,
 2.3261567557560996,
 2.2830470698000345,
 2.2399373747813263,
 2.1968276739954815,
 2.153717969217003,
 2.1106082615105923,
 2.067498551565176,
 2.024388839852122,
 1.981279126708124,
 1.9381694123820414,
 1.8950596970630083,
 1.8519499808981277,
 1.8088402640040688,
 1.7657305464749187,
 1.7226208283876583,
 1.6795111098060718,
 1.6364013907835995,
 1.5932916713654608,
 1.550181951590257,
 1.507072231491204,
 1.463962511097091,
 1.4208527904330206,
 1.3777430695210202,
 1.3346333483805362,
 1.2915236270288137,
 1.248413905481217,
 1.2053041837514913,
 1.162194461851986,
 1.119084739793834,
 1.075975017587109,
 1.032865295240954,
 0.9897555727636942,
 0.9466458501629298,
 0.9035361274456192,
 0.8604264046181487,
 0.8173166816863938,
 0.7742069586557722,
 0.7310972355312898,
 0.687987512317582,
 0.6448777890189491,
 0.6017680656393875,
 0.5586583421826182,
 0.5155486186521115,
 0.4724388950511087,
 0.42932917138264187,
 0.3862194476495518,
 0.3431097238545033,
 0.3,
 0.3,
 0.35476394762813984,
 0.4095278951951677,
 0.46429184269836726,
 0.5190557901348373,
 0.5738197375014739,
 0.6285836847949515,
 0.6833476320117016,
 0.7381115791478872,
 0.7928755261993768,
 0.847639473161713,
 0.9024034200300759,
 0.957167366799245,
 1.0119313134635517,
 1.0666952600168276,
 1.121459206452343,
 1.1762231527627376,
 1.2309870989399425,
 1.2857510449750813,
 1.340514990858356,
 1.3952789365789193,
 1.4500428821247187,
 1.5048068274823105,
 1.5595707726366383,
 1.6143347175707639,
 1.669098662265539,
 1.7238626066992047,
 1.7786265508468933,
 1.8333904946800077,
 1.8881544381654347,
 1.9429183812645427,
 1.997682323931883,
 2.052446266113485,
 2.1072102077445836,
 2.161974148746536,
 2.216738089022552,
 2.271502028451643,
 2.3262659668798245,
 2.381029904106917,
 2.4357938398660153,
 2.4905577737901257,
 2.5453217053549744,
 2.600085633774157,
 2.654849557789436,
 2.7096134751989234,
 2.764377381598929,
 2.819141265980634,
 2.8739050843068163,
 2.8477248233095205,
 2.7929610049820384,
 2.7381971205987603,
 2.6834332141968513,
 2.628669296785621,
 2.5739053727687957,
 2.5191414443482403,
 2.4643775127821623,
 2.4096135788569435,
 2.354849643096836,
 2.3000857058688178,
 2.2453217674397825,
 2.1905578280098985,
 2.135793887733143,
 2.081029946730498,
 2.026266005098748,
 1.9715020629165318,
 1.91673812024861,
 1.8619741771489497,
 1.807210233662997,
 1.7524462898293813,
 1.6976823456812136,
 1.642918401247089,
 1.5881544565518737,
 1.5333905116173252,
 1.47862656646259,
 1.4238626211046057,
 1.369098675558428,
 1.314334729837499,
 1.2595707839538703,
 1.2048068379183892,
 1.150042891740852,
 1.0952789454301373,
 1.0405149989943168,
 0.9857510524407495,
 0.9309871057761636,
 0.876223159006727,
 0.8214592121381074,
 0.7666952651755247,
 0.7119313181237977,
 0.6571673709873835,
 0.6024034237704132,
 0.547639476476723,
 0.49287552910988097,
 0.4381115816732123,
 0.3833476341698205,
 0.3285836866026065,
 0.27381973897428613,
 0.21905579128740552,
 0.16429184354435486,
 0.10952789574738095,
 0.05476394789859844,
 -9.29309881314863e-41]

 theta = [0.0,
 0.00036842684456586097,
 0.001473734161177694,
 0.003315921920184729,
 0.005894990091369706,
 0.009210938643611522,
 0.013263767544560875,
 0.01805347676029102,
 0.023580066254912765,
 0.029843535990142982,
 0.036843885924814274,
 0.04458111601431058,
 0.05305522620991026,
 0.06226621645801349,
 0.07221408669922467,
 0.0828988368672526,
 0.09432046688758029,
 0.1064789766758416,
 0.11937436613582256,
 0.13300663515697725,
 0.14737578361131076,
 0.16248181134942796,
 0.17832471819547027,
 0.19490450394055203,
 0.21222116833414323,
 0.23027471107260106,
 0.24906513178367395,
 0.26859243000521305,
 0.2888566051553786,
 0.3098576564900679,
 0.33159558304064163,
 0.35407038352036163,
 0.3772820561794321,
 0.40123059857222615,
 0.4259160071673951,
 0.45133827666096105,
 0.47749739868910146,
 0.5043933592224732,
 0.5320261327392278,
 0.5603956673241556,
 0.5895018384924832,
 0.6193442551709073,
 0.6499207867559816,
 0.6795304973585816,
 0.6717876969304865,
 0.6738327029303087,
 0.6732923366143337,
 0.6734351821831932,
 0.6733974059275464,
 0.6734073994649149,
 0.6734047545659817,
 0.6734054543565674,
 0.6734052695429086,
 0.673405315703886,
 0.6734053129180312,
 0.673405305583827,
 0.6734052700730732,
 0.6734053704138716,
 0.6734049997542496,
 0.6734063963901934,
 0.6734011201229699,
 0.6734210581475469,
 0.673345684731365,
 0.6736307289278577,
 0.6725523280385751,
 0.676634043380542,
 0.6448071245825125,
 0.6136864828738379,
 0.5833007788536654,
 0.5536514452742649,
 0.5247387857101086,
 0.4965629026351704,
 0.46912384020369663,
 0.44242162058207296,
 0.41645625613499565,
 0.3912277543142017,
 0.3667361198848859,
 0.34298135604079827,
 0.3199634650057411,
 0.29768244837794683,
 0.2761383073371486,
 0.25533104277430335,
 0.23526065537574473,
 0.2159271456794394,
 0.19733051411359095,
 0.17947076102374632,
 0.1623478866922214,
 0.14596189135227758,
 0.13031277519863846,
 0.11540053839540815,
 0.10122518108211394,
 0.0877867033783754,
 0.07508510538755324,
 0.06312038719963171,
 0.05189254889351795,
 0.04140159053889383,
 0.031647512197720856,
 0.022630313925473714,
 0.014349995772160269,
 0.00680655778317209,
 0.0,
 3.2113069217153417e-32,
 0.00866382010273991,
 0.01848916994643758,
 0.029476049434844612,
 0.04162445845930487,
 0.0549343968957573,
 0.06940586460095863,
 0.08503886140765622,
 0.10183338711833237,
 0.11978944149697904,
 0.13890702425811757,
 0.1591861350518981,
 0.18062677344351574,
 0.2032289388842101,
 0.22699263066949865,
 0.2519178478775148,
 0.27800458927536215,
 0.3052528531721834,
 0.3336626371796826,
 0.36323393780381674,
 0.39396674970982076,
 0.42586106430798987,
 0.4589168667938668,
 0.493134129236593,
 0.5285127918404422,
 0.5650526998218962,
 0.6027533017301276,
 0.6416108530758703,
 0.6571518251180535,
 0.6530559424871862,
 0.6541361540613626,
 0.6538511195634026,
 0.6539263680507613,
 0.653906493094957,
 0.6539117444338904,
 0.6539103560020643,
 0.6539107228848066,
 0.653910625564786,
 0.6539106510619953,
 0.6539106440654334,
 0.6539106456794731,
 0.6539106450211525,
 0.6539106449728161,
 0.6539106447675431,
 0.6539106446188838,
 0.6539106444299696,
 0.653910644373536,
 0.6539106438580539,
 0.6539106450577806,
 0.6539106399297695,
 0.653910658236649,
 0.6539106248856644,
 0.6539106337147483,
 0.653910631140944,
 0.6539106316432554,
 0.6539106313074208,
 0.6539106311946038,
 0.6539106310043863,
 0.6539106308673772,
 0.6539106305600527,
 0.6539106308511394,
 0.6539106288567301,
 0.6539106354594619,
 0.6539106095525803,
 0.6539107064515591,
 0.6539103391137516,
 0.6539117271397226,
 0.6539064751118338,
 0.6539263503910008,
 0.6538510981755755,
 0.6541361448845828,
 0.6530558862720196,
 0.65715200118839,
 0.6416108533063406,
 0.602753301745169,
 0.5650526998250219,
 0.5285127918414714,
 0.4931341292370153,
 0.4589168667940595,
 0.4258610643080804,
 0.39396674970986073,
 0.36323393780383,
 0.333662637179681,
 0.30525285317217354,
 0.27800458927534766,
 0.25191784787749794,
 0.22699263066948083,
 0.20322893888419213,
 0.18062677344349823,
 0.15918613505188137,
 0.13890702425810186,
 0.11978944149696456,
 0.10183338711831925,
 0.08503886140764456,
 0.06940586460094847,
 0.05493439689574872,
 0.04162445845929792,
 0.029476049434839332,
 0.01848916994643401,
 0.008663820102738102,
 0.0,
 0.0,
 0.009253995100764113,
 0.019821926586126318,
 0.03170379441833144,
 0.044899598550773585,
 0.059409338924334275,
 0.0752330154617145,
 0.092370628058252,
 0.1108221765662076,
 0.1305876607659886,
 0.1516670803086357,
 0.1740604345864829,
 0.1977677223883915,
 0.22278894069345212,
 0.24912407742931825,
 0.22470232689900255,
 0.19573931537406736,
 0.16546234927169332,
 0.13387144067781068,
 0.10096659260765753,
 0.06674780626858381,
 0.031215082266139293,
 -0.005631579051706508,
 -0.0437921774655341,
 -0.08326671282712442,
 -0.12405518503076642,
 -0.1661575939975828,
 -0.2095739396663586,
 -0.254304221987865,
 -0.3003484409211733,
 -0.34770659643115476,
 -0.39637868848671165,
 -0.4463647170594696,
 -0.49766468212276155,
 -0.5502785836507926,
 -0.6042064216179059,
 -0.6594481959978878,
 -0.7160039067632548,
 -0.7738735538844658,
 -0.8330571373289862,
 -0.8935546570601057,
 -0.9553661130353603,
 -1.0184915052043158,
 -1.0829308335052876,
 -1.14868409786021,
 -1.2157512981660465,
 -1.2841324342791351,
 -1.3538275059830815,
 -1.4248365129100327,
 -1.4971594542754674,
 -1.5707963267948981,
 -1.644433199314328,
 -1.7167561406797622,
 -1.787765147606713,
 -1.857460219310659,
 -1.9258413554237475,
 -1.9929085557295838,
 -2.0586618200845064,
 -2.123101148385478,
 -2.186226540554433,
 -2.2480379965296877,
 -2.3085355162608074,
 -2.367719099705328,
 -2.4255887468265387,
 -2.4821444575919056,
 -2.5373862319718876,
 -2.591314069939001,
 -2.643927971467032,
 -2.6952279365303236,
 -2.7452139651030816,
 -2.7938860571586384,
 -2.8412442126686197,
 -2.887288431601928,
 -2.9320187139234344,
 -2.97543505959221,
 -3.0175374685590266,
 -3.058325940762668,
 -3.0978004761242586,
 -3.135961074538086,
 -3.172807735855931,
 -3.2083404598583747,
 -3.2425592461974473,
 -3.275464094267598,
 -3.3070550028614765,
 -3.3373319689638374,
 -3.3662949804886946,
 -3.39071673101906,
 -3.364381594283249,
 -3.3393603759781922,
 -3.3156530881762833,
 -3.293259733898435,
 -3.272180314355787,
 -3.252414830156005,
 -3.2339632816480486,
 -3.2168256690515107,
 -3.2010019925141298,
 -3.1864922521405687,
 -3.1732964480081263,
 -3.1614145801759204,
 -3.1508466486905577,
 -3.141592653589793,
 -3.141592653589793,
 -3.1502564736925307,
 -3.1600818235362262,
 -3.1710687030246314,
 -3.18321711204909,
 -3.1965270504855403,
 -3.21099851819074,
 -3.2266315149974356,
 -3.24342604070811,
 -3.2613820950867547,
 -3.2804996778478914,
 -3.300778788641671,
 -3.322219427033287,
 -3.3448215924739797,
 -3.3685852842592676,
 -3.3935105014672837,
 -3.419597242865132,
 -3.446845506761956,
 -3.4752552907694616,
 -3.5048265913936074,
 -3.5355594032996347,
 -3.5674537178978487,
 -3.6005095203838193,
 -3.634726782826761,
 -3.6701054454311874,
 -3.7066453534146615,
 -3.7443459553344947,
 -3.783203506891747,
 -3.798744650813994,
 -3.7946485362967026,
 -3.795728796892357,
 -3.7954437494836664,
 -3.795519002180024,
 -3.7954991269374414,
 -3.7955043791536567,
 -3.7955029912666416,
 -3.7955033587587517,
 -3.7955032620092637,
 -3.795503288066958,
 -3.7955032816145713,
 -3.795503283759234,
 -3.795503283618797,
 -3.7955032840748406,
 -3.7955032843674243,
 -3.795503284687568,
 -3.7955032850249104,
 -3.7955032852351414,
 -3.7955032859022566,
 -3.7955032848539654,
 -3.7955032901328045,
 -3.7955032719758375,
 -3.7955033054761307,
 -3.7955032967961655,
 -3.795503299518326,
 -3.7955032991642805,
 -3.7955032996462728,
 -3.7955032999107043,
 -3.7955033002295813,
 -3.7955033005795333,
 -3.7955033007795365,
 -3.7955033015877087,
 -3.795503300124143,
 -3.7955033072709727,
 -3.7955032819246664,
 -3.7955033793938884,
 -3.795503012666532,
 -3.7955044012332197,
 -3.795499150098096,
 -3.795519025031835,
 -3.795443777246677,
 -3.7957288101944395,
 -3.794648603635218,
 -3.7987444721981993,
 -3.7832035066536704,
 -3.7443459553192895,
 -3.7066453534116066,
 -3.670105445430232,
 -3.6347267828264,
 -3.600509520383677,
 -3.5674537178978003,
 -3.53555940329963,
 -3.5048265913936243,
 -3.4752552907694882,
 -3.4468455067619876,
 -3.4195972428651653,
 -3.3935105014673166,
 -3.368585284259299,
 -3.34482159247401,
 -3.3222194270333145,
 -3.3007787886416966,
 -3.280499677847915,
 -3.261382095086776,
 -3.243426040708129,
 -3.226631514997452,
 -3.210998518190754,
 -3.1965270504855523,
 -3.1832171120490993,
 -3.171068703024639,
 -3.1600818235362316,
 -3.150256473692534,
 -3.141592653589793,
 -3.141592653589793,
 -3.1303872534440913,
 -3.11730742545954,
 -3.1023531706057126,
 -3.0855244901233707,
 -3.0668213856468816,
 -3.0462438593961934,
 -3.023791914490659,
 -2.999465555487246,
 -2.9732647893578386,
 -2.9451896273927667,
 -2.915240089252262,
 -2.883416212654742,
 -2.849718080583721,
 -2.8141459182668065,
 -2.7767006080526007,
 -2.73738982931712,
 -2.731477281030902,
 -2.7330228070815066,
 -2.7326183050193253,
 -2.7327242918706753,
 -2.7326964940877474,
 -2.732703792216836,
 -2.732701875219029,
 -2.7327023798041754,
 -2.732702247521423,
 -2.732702282821729,
 -2.7327022739703426,
 -2.7327022767343627,
 -2.73270227642034,
 -2.732702276898963,
 -2.7327022771689222,
 -2.7327022774271694,
 -2.732702277874885,
 -2.73270227753039,
 -2.732702280080279,
 -2.73270227191573,
 -2.7327023032413376,
 -2.7327021888252907,
 -2.7327026122651006,
 -2.7327010501524485,
 -2.7327068194599935,
 -2.7326855123116123,
 -2.732764225046659,
 -2.732473391489126,
 -2.7335481964252244,
 -2.729575406745021,
 -2.6321486073543348,
 -2.5342305399157223,
 -2.437697486313226,
 -2.3430387910170407,
 -2.250254496034056,
 -2.159344616176744,
 -2.0703091580243247,
 -1.9831481249605074,
 -1.897861518913196,
 -1.8144493410674503,
 -1.7329115921957208,
 -1.6532482728256181,
 -1.5754593833315536,
 -1.4995449239878156,
 -1.4255048950008289,
 -1.3533392965295727,
 -1.2830481286989621,
 -1.2146313916088791,
 -1.148089085340433,
 -1.0834212099603966,
 -1.020627765524417,
 -0.9597087520793809,
 -0.900664169665187,
 -0.8434940183160909,
 -0.7881982980617435,
 -0.7347770089279984,
 -0.6832301509375508,
 -0.6335577241104442,
 -0.5857597284644801,
 -0.5398361640155488,
 -0.4957870307779006,
 -0.4536123287643704,
 -0.41331205798656256,
 -0.37488621845500686,
 -0.33833481017928946,
 -0.3036578331681638,
 -0.2708552874296456,
 -0.23992717297109412,
 -0.21087348979928258,
 -0.18369423792045944,
 -0.15838941734040207,
 -0.1349590280644641,
 -0.11340307009761755,
 -0.09372154344449031,
 -0.0759144481094002,
 -0.05998178409638571,
 -0.04592355140923421,
 -0.03373975005150796,
 -0.023430380026568266,
 -0.014995441337598113,
 -0.008434933987623534,
 -0.0037488579795338837,
 -0.0009372133161013284,
 0.0]